30
90
360
90
30
360
360
90
30
90
360
90
30
360
360
90
360
360
90
30
90
360
90
30
30
90
360
90
30
360
360
90
30
90
360
90
30
360
360
90
360
360
90
30
90
360
90
30
30
90
360
90
30
360
360
90
30
90
360
90
30
360
360
90
360
360
90
30
90
360
90
30
30
90
360
90
30
360
360
90
30
90
360
90
30
360
360
90
360
360
90
30
90
360
90
30
30
90
360
90
30
360
360
90
30
90
360
90
30
360
360
90
360
360
90
30
90
360
90
30
30
90
360
90
30
360
360
90
30
90
360
90
30
360
360
90
360
360
90
30
90
360
90
30
360
360
360
30
30
30
90
90
90
90
360
90
30
360
360
360
30
30
30
90
90
90
90
360
90
30
360
360
360
30
30
30
90
90
90
90
360
90
30
360
360
360
30
30
30
90
90
90
90
360
90
30
360
360
360
30