87537012602
87681574197
84827110763
89623965138
83903170016
86966039159
89747703493
83692053705
86887850476
84260295623
80678724669
88177861488
86412518863
83247706984
81070952488
80417153433
86546397798
85148481428
84174974182
83827939426
82566775108
89671675566
82783444271
89064820855
89604753846
89032230618
83150905250
88022963262
81145482540
80860716284
88333969680
86019878510
89285510779
84877692068
80856181608
89779955854
86923437329
80791713983
84196087319
89155911174
80844495503
84301040374
80257246831
84547747369
88541014431
85716856265
83278820526
89101990245
80680309326
86868856849
87623332241
80023028560
84739080345
89668109179
84851565026
86427652282
81550580880
88009281919
88615036520
89024684192
89853570347
85685541593
84134519430
89642870421
88420911780
81902359402
85928170590
87492585009
87410516887
81444731904
89565750811
86121188355
85748531349
81566685328
86534623943
82076450507
86092644966
89460308055
86953300893
88474761870
84491285601
82572545741
86238533667
86897357710
80049567249
81398987456
87063631443
87761353794
80921710929
88029918527
83035957039
85444634321
88963241097
80359205862
89169409254
80462069058
81558752566
89829352818
81134657320
84281555064
83565243910
81915389363
81566203484
80967369603
85593476827
80282315463
84959416920
85148898504
82002288521
87611161701
89328135713
81957629531
89720958941
87894393940
80899662813
80680553885
86896928788
86900414903
89582580549
84946714815
87960305129
80610936979
82767259282
86942019204
84875422249
87593597525
87947293729
80097527230
82663187662
88789490168
85845521026
85290104746
89461609275
85429030499
81668688069
83288765548
88434654684
83363305599
83048520381
84985977092
88589573432
82373439357
81820118162
88490028751
80493671837
88338756049
88441159450
82562387565
88637232974
89474684415
83692548882
82809522217
88268328463
84859608709
88143355217
87050340826
80292971544
83650679967
87783233680
83086590416
82269962437
84816220751
86640056656
82041935536
89770172367
89151678437
80146088795
80000096739
80326275236
89189464072
84160639583
85485588640
81436923761
86491899009
81018683262
84983837985
81026260469
86350926034
80071429371
88529959554
89551655345
83171994518
81552199254
85326380208
83346963995
89709957419
86267879559
89715865787
80846412142
86474292041
83369647974
83562297443
85150349591
89909244980
84396870796
82757457094
89334093692
83371523707
84939748458
80950767365